1 27
2 21
3 1
4 1
5 1
6 1
7 1
8 1
9 1
10 1
11 1
12 1
13 61
14 1
15 27
16 1
17 1
18 27
19 1
20 1
21 1
22 1
23 1
24 1
25 1
26 1
27 1
28 7
29 1
30 1
31 1
32 27
33 1
34 61
35 1
36 1
37 1
38 1
39 1
40 1
41 2
42 2
43 2
44 45
45 2
46 2
47 45
48 2
49 2
50 2
51 2
52 2
53 2
54 2
55 2
56 2
57 2
58 2
59 2
60 2
61 2
62 2
63 2
64 3
65 3
66 19
67 3
68 47
69 32
70 3
71 3
72 3
73 19
74 3
75 3
76 3
77 3
78 3
79 3
80 3
81 3
82 3
83 3
84 4
85 4
86 4
87 4
88 4
89 4
90 4
91 4
92 4
93 4
94 4
95 4
96 4
97 4
98 4
99 4
100 4
101 17
102 4
103 4
104 5
105 5
106 5
107 5
108 5
109 5
110 5
111 5
112 5
113 5
114 5
115 5
116 5
117 5
118 5
119 5
120 5
121 5
122 42
123 42
124 5
125 5
126 5
127 42
128 5
129 42
130 23
131 6
132 42
133 6
134 6
135 6
136 6
137 23
138 6
139 42
140 6
141 6
142 6
143 6
144 6
145 23
146 6
147 6
148 6
149 6
150 6
151 23
152 6
153 6
154 6
155 7
156 7
157 7
158 7
159 7
160 7
161 7
162 7
163 7
164 7
165 7
166 7
167 7
168 7
169 7
170 7
171 7
172 7
173 7
174 7
175 7
176 7
177 7
178 7
179 7
180 7
181 7
182 7
183 7
184 7
185 7
186 7
187 7
188 7
189 7
190 7
191 7
192 7
193 7
194 7
195 7
196 7
197 7
198 7
199 8
200 8
201 8
202 8
203 8
204 8
205 8
206 26
207 8
208 8
209 8
210 8
211 24
212 9
213 9
214 21
215 9
216 30
217 9
218 9
219 9
220 9
221 9
222 30
223 9
224 9
225 30
226 9
227 34
228 30
229 34
230 34
231 9
232 9
233 9
234 24
235 9
236 9
237 30
238 21
239 9
240 9
241 33
242 10
243 10
244 29
245 10
246 29
247 10
248 11
249 11
250 61
251 29
252 29
253 29
254 11
255 10
256 10
257 11
258 10
259 10
260 10
261 11
262 11
263 11
264 10
265 10
266 11
267 11
268 11
269 10
270 11
271 11
272 11
273 29
274 11
275 29
276 11
277 11
278 29
279 11
280 10
281 12
282 51
283 12
284 12
285 37
286 12
287 12
288 12
289 12
290 12
291 12
292 12
293 12
294 12
295 12
296 12
297 12
298 12
299 12
300 37
301 13
302 13
303 13
304 13
305 13
306 13
307 13
308 13
309 13
310 13
311 14
312 28
313 14
314 14
315 59
316 14
317 14
318 14
319 35
320 14
321 14
322 14
323 14
324 14
325 35
326 14
327 14
328 59
329 14
330 14
331 59
332 18
333 59
334 35
335 20
336 14
337 14
338 14
339 59
340 18
341 28
342 14
343 15
344 15
345 15
346 16
347 57
348 16
349 16
350 16
351 16
352 9
353 16
354 16
355 16
356 16
357 16
358 16
359 16
360 16
361 16
362 9
363 16
364 57
365 16
366 17
367 17
368 17
369 17
370 17
371 17
372 17
373 17
374 17
375 17
376 17
377 17
378 17
379 17
380 17
381 17
382 17
383 17
384 17
385 17
386 63
387 18
388 18
389 18
390 45
391 18
392 18
393 28
394 59
395 45
396 43
397 18
398 43
399 18
400 18
401 47
402 18
403 18
404 63
405 45
406 45
407 18
408 18
409 18
410 18
411 14
412 18
413 47
414 47
415 18
416 19
417 19
418 19
419 19
420 19
421 19
422 19
423 19
424 19
425 19
426 19
427 19
428 19
429 19
430 19
431 19
432 19
433 19
434 13
435 19
436 19
437 19
438 19
439 19
440 19
441 37
442 19
443 19
444 19
445 19
446 19
447 19
448 19
449 62
450 19
451 35
452 19
453 47
454 35
455 21
456 21
457 21
458 21
459 21
460 21
461 21
462 61
463 21
464 21
465 21
466 21
467 21
468 21
469 21
470 9
471 21
472 21
473 21
474 21
475 30
476 21
477 27
478 1
479 21
480 21
481 21
482 21
483 21
484 34
485 22
486 22
487 22
488 22
489 22
490 22
491 22
492 22
493 22
494 22
495 22
496 22
497 22
498 22
499 22
500 22
501 22
502 22
503 22
504 22
505 22
506 22
507 22
508 22
509 22
510 22
511 22
512 22
513 22
514 22
515 22
516 22
517 22
518 22
519 23
520 46
521 46
522 23
523 23
524 23
525 46
526 23
527 23
528 6
529 23
530 23
531 23
532 46
533 23
534 6
535 46
536 23
537 23
538 46
539 23
540 23
541 23
542 23
543 23
544 46
545 23
546 23
547 23
548 23
549 24
550 24
551 24
552 24
553 24
554 24
555 24
556 24
557 9
558 32
559 24
560 24
561 24
562 24
563 24
564 24
565 32
566 24
567 24
568 32
569 24
570 25
571 25
572 25
573 25
574 25
575 25
576 25
577 25
578 25
579 25
580 25
581 25
582 25
583 42
584 25
585 25
586 25
587 25
588 25
589 25
590 26
591 26
592 26
593 26
594 26
595 26
596 26
597 26
598 57
599 26
600 26
601 26
602 26
603 26
604 27
605 61
606 27
607 27
608 27
609 27
610 61
611 27
612 27
613 61
614 61
615 27
616 61
617 61
618 27
619 27
620 61
621 27
622 27
623 27
624 61
625 27
626 27
627 27
628 27
629 27
630 27
631 27
632 27
633 27
634 27
635 27
636 27
637 27
638 27
639 27
640 27
641 27
642 27
643 27
644 47
645 14
646 14
647 35
648 59
649 52
650 28
651 35
652 52
653 18
654 28
655 28
656 64
657 14
658 14
659 28
660 44
661 59
662 28
663 47
664 29
665 29
666 29
667 29
668 11
669 29
670 11
671 29
672 29
673 29
674 29
675 29
676 10
677 11
678 11
679 11
680 10
681 29
682 29
683 11
684 30
685 30
686 30
687 30
688 9
689 30
690 30
691 30
692 30
693 9
694 30
695 30
696 30
697 30
698 30
699 30
700 30
701 30
702 30
703 31
704 31
705 31
706 31
707 54
708 31
709 31
710 31
711 31
712 31
713 31
714 31
715 31
716 31
717 31
718 31
719 31
720 31
721 31
722 31
723 32
724 62
725 32
726 32
727 32
728 32
729 32
730 32
731 32
732 32
733 32
734 32
735 32
736 32
737 32
738 32
739 32
740 32
741 32
742 32
743 32
744 32
745 32
746 32
747 32
748 32
749 32
750 32
751 32
752 32
753 32
754 32
755 32
756 32
757 32
758 32
759 32
760 32
761 32
762 32
763 33
764 33
765 33
766 33
767 10
768 33
769 33
770 33
771 33
772 33
773 33
774 33
775 33
776 33
777 33
778 33
779 33
780 33
781 33
782 33
783 33
784 33
785 33
786 33
787 33
788 33
789 33
790 33
791 33
792 33
793 33
794 33
795 33
796 33
797 33
798 33
799 33
800 33
801 33
802 33
803 34
804 34
805 34
806 34
807 34
808 34
809 34
810 34
811 34
812 34
813 34
814 34
815 34
816 34
817 34
818 34
819 34
820 34
821 34
822 34
823 34
824 34
825 34
826 34
827 34
828 34
829 34
830 34
831 34
832 34
833 34
834 34
835 34
836 34
837 34
838 34
839 34
840 34
841 34
842 34
843 59
844 35
845 35
846 20
847 35
848 35
849 64
850 59
851 48
852 14
853 35
854 28
855 43
856 14
857 28
858 35
859 35
860 59
861 14
862 28
863 36
864 36
865 36
866 36
867 36
868 36
869 36
870 36
871 36
872 36
873 36
874 36
875 36
876 36
877 36
878 36
879 36
880 36
881 36
882 36
883 37
884 37
885 37
886 19
887 37
888 47
889 12
890 19
891 19
892 37
893 38
894 38
895 38
896 38
897 38
898 38
899 38
900 38
901 38
902 38
903 38
904 38
905 38
906 38
907 38
908 38
909 38
910 38
911 38
912 38
913 39
914 39
915 39
916 39
917 39
918 39
919 58
920 39
921 39
922 39
923 40
924 40
925 40
926 40
927 51
928 40
929 40
930 40
931 40
932 40
933 41
934 41
935 41
936 41
937 41
938 41
939 41
940 41
941 41
942 41
943 41
944 41
945 41
946 41
947 41
948 41
949 41
950 41
951 41
952 41
953 42
954 42
955 42
956 42
957 42
958 42
959 42
960 42
961 42
962 42
963 42
964 42
965 42
966 42
967 42
968 42
969 42
970 42
971 42
972 42
973 42
974 42
975 42
976 42
977 42
978 42
979 42
980 42
981 42
982 42
983 42
984 42
985 42
986 42
987 42
988 42
989 42
990 42
991 42
992 42
993 42
994 42
995 42
996 42
997 42
998 42
999 42
1000 42
1001 42
1002 42
1003 42
1004 42
1005 42
1006 42
1007 42
1008 42
1009 42
1010 42
1011 42
1012 42
1013 42
1014 42
1015 42
1016 42
1017 42
1018 42
1019 42
1020 42
1021 42
1022 42
1023 42
1024 42
1025 42
1026 42
1027 42
1028 42
1029 42
1030 42
1031 42
1032 42
1033 42
1034 42
1035 42
1036 42
1037 42
1038 42
1039 42
1040 42
1041 42
1042 42
1043 42
1044 42
1045 42
1046 42
1047 42
1048 42
1049 42
1050 42
1051 42
1052 42
1053 42
1054 42
1055 42
1056 42
1057 42
1058 42
1059 42
1060 42
1061 42
1062 42
1063 42
1064 42
1065 42
1066 42
1067 42
1068 42
1069 42
1070 42
1071 42
1072 42
1073 42
1074 42
1075 42
1076 42
1077 42
1078 42
1079 42
1080 42
1081 42
1082 42
1083 42
1084 42
1085 42
1086 42
1087 42
1088 42
1089 42
1090 42
1091 42
1092 42
1093 42
1094 42
1095 42
1096 42
1097 42
1098 42
1099 42
1100 42
1101 42
1102 53
1103 42
1104 42
1105 42
1106 42
1107 42
1108 42
1109 42
1110 42
1111 42
1112 42
1113 18
1114 43
1115 43
1116 18
1117 47
1118 43
1119 43
1120 43
1121 43
1122 43
1123 18
1124 43
1125 43
1126 43
1127 43
1128 44
1129 44
1130 47
1131 44
1132 28
1133 44
1134 28
1135 44
1136 44
1137 44
1138 45
1139 45
1140 18
1141 18
1142 45
1143 45
1144 45
1145 45
1146 62
1147 59
1148 18
1149 2
1150 45
1151 45
1152 45
1153 45
1154 45
1155 45
1156 35
1157 62
1158 35
1159 18
1160 47
1161 45
1162 45
1163 45
1164 20
1165 45
1166 47
1167 43
1168 46
1169 23
1170 46
1171 46
1172 46
1173 46
1174 46
1175 46
1176 23
1177 46
1178 46
1179 46
1180 46
1181 46
1182 46
1183 46
1184 23
1185 46
1186 46
1187 46
1188 47
1189 47
1190 47
1191 50
1192 47
1193 59
1194 47
1195 45
1196 47
1197 47
1198 28
1199 47
1200 50
1201 47
1202 47
1203 47
1204 44
1205 47
1206 47
1207 47
1208 47
1209 47
1210 47
1211 47
1212 18
1213 47
1214 47
1215 47
1216 47
1217 47
1218 47
1219 47
1220 47
1221 50
1222 47
1223 47
1224 47
1225 47
1226 47
1227 47
1228 62
1229 47
1230 62
1231 50
1232 47
1233 47
1234 47
1235 50
1236 47
1237 47
1238 48
1239 48
1240 48
1241 48
1242 48
1243 48
1244 48
1245 48
1246 48
1247 48
1248 48
1249 48
1250 48
1251 48
1252 48
1253 48
1254 48
1255 48
1256 48
1257 48
1258 49
1259 49
1260 49
1261 49
1262 49
1263 50
1264 50
1265 50
1266 50
1267 50
1268 50
1269 50
1270 50
1271 50
1272 50
1273 50
1274 50
1275 50
1276 47
1277 50
1278 50
1279 50
1280 50
1281 47
1282 50
1283 51
1284 51
1285 51
1286 51
1287 51
1288 51
1289 51
1290 51
1291 12
1292 51
1293 51
1294 51
1295 51
1296 51
1297 51
1298 51
1299 51
1300 45
1301 51
1302 51
1303 52
1304 52
1305 52
1306 52
1307 52
1308 52
1309 52
1310 52
1311 52
1312 52
1313 52
1314 52
1315 52
1316 52
1317 52
1318 52
1319 52
1320 52
1321 52
1322 52
1323 53
1324 53
1325 53
1326 53
1327 53
1328 53
1329 53
1330 53
1331 53
1332 53
1333 53
1334 53
1335 53
1336 53
1337 53
1338 53
1339 53
1340 53
1341 53
1342 53
1343 54
1344 54
1345 54
1346 54
1347 54
1348 54
1349 54
1350 54
1351 54
1352 54
1353 55
1354 65
1355 55
1356 55
1357 55
1358 55
1359 55
1360 55
1361 55
1362 55
1363 55
1364 55
1365 55
1366 65
1367 55
1368 55
1369 55
1370 55
1371 55
1372 55
1373 56
1374 56
1375 56
1376 56
1377 56
1378 56
1379 56
1380 59
1381 56
1382 56
1383 56
1384 56
1385 56
1386 64
1387 56
1388 56
1389 56
1390 56
1391 12
1392 56
1393 16
1394 9
1395 9
1396 26
1397 26
1398 57
1399 57
1400 57
1401 57
1402 57
1403 58
1404 58
1405 58
1406 58
1407 58
1408 58
1409 58
1410 58
1411 58
1412 58
1413 58
1414 58
1415 58
1416 58
1417 58
1418 58
1419 58
1420 58
1421 58
1422 58
1423 59
1424 59
1425 59
1426 64
1427 59
1428 64
1429 59
1430 35
1431 35
1432 28
1433 59
1434 35
1435 59
1436 28
1437 59
1438 59
1439 28
1440 28
1441 59
1442 59
1443 9
1444 60
1445 60
1446 32
1447 30
1448 60
1449 60
1450 60
1451 60
1452 61
1453 61
1454 61
1455 61
1456 61
1457 61
1458 61
1459 61
1460 61
1461 61
1462 61
1463 61
1464 61
1465 61
1466 61
1467 61
1468 61
1469 61
1470 61
1471 61
1472 61
1473 61
1474 61
1475 61
1476 61
1477 61
1478 61
1479 61
1480 61
1481 61
1482 61
1483 61
1484 61
1485 61
1486 61
1487 61
1488 61
1489 61
1490 61
1491 61
1492 62
1493 62
1494 62
1495 62
1496 62
1497 62
1498 62
1499 47
1500 47
1501 47
1502 47
1503 62
1504 62
1505 45
1506 40
1507 47
1508 47
1509 19
1510 47
1511 47
1512 63
1513 63
1514 59
1515 64
1516 64
1517 64
1518 59
1519 64
1520 64
1521 64
1522 59
1523 64
1524 65
1525 65
1526 65
1527 65
1528 65
1529 65
1530 65
1531 65
1532 65
1533 65
1534 65
1535 65
1536 65
1537 65
1538 65
1539 65
1540 65
1541 65
1542 65
1543 65
